[header]
width=40
height=23
tilewidth=32
tileheight=32
orientation=orthogonal

[tilesets]
tileset=Tiny Platform Quest Tiles_0.png,32,32,0,0

[layer]
type=Tile Layer 1
data=
26,26,26,26,26,26,26,26,26,26,26,24,24,26,26,26,24,24,26,26,26,26,26,26,24,24,24,26,26,26,26,26,26,26,26,26,26,26,26,26,
26,26,26,26,26,26,26,26,24,24,24,26,26,26,26,26,26,26,24,24,24,24,24,24,24,26,26,26,26,26,26,26,26,26,26,26,26,26,26,26,
26,26,26,26,26,26,26,26,26,26,26,26,26,26,26,26,26,26,26,26,26,26,26,26,26,26,26,26,26,26,26,26,26,26,26,26,26,26,26,26,
26,26,26,26,26,26,26,26,26,26,26,26,26,26,26,26,26,26,26,26,26,26,26,26,26,26,26,26,26,26,26,26,26,26,26,26,26,26,26,26,
26,26,26,137,26,26,26,26,26,26,26,26,26,26,26,26,26,26,26,26,26,26,26,26,26,26,26,26,26,26,26,26,26,26,26,26,26,26,26,26,
26,26,137,136,24,24,24,24,24,24,24,26,26,26,26,26,26,26,26,26,26,26,26,26,26,26,26,26,26,26,26,26,26,26,26,26,26,26,26,26,
26,26,135,135,24,24,24,24,24,24,26,26,26,26,26,26,26,26,26,26,26,26,26,26,26,26,26,26,26,26,26,26,26,26,26,26,26,26,26,26,
26,26,134,135,26,26,26,26,26,26,26,26,26,26,26,26,26,26,26,26,26,26,26,26,26,26,26,26,26,26,26,26,26,26,26,26,26,26,26,26,
26,26,134,135,26,26,26,26,26,26,26,26,26,26,26,26,26,26,26,26,26,26,26,26,26,26,26,101,99,100,26,26,26,26,26,26,26,26,26,26,
26,26,131,135,26,26,26,26,26,26,26,26,26,26,26,26,26,26,26,26,26,26,26,26,26,26,101,103,104,145,26,26,26,26,26,26,26,26,26,26,
26,26,131,135,137,26,26,26,26,26,26,26,26,26,26,26,26,26,26,26,26,26,26,26,101,99,103,169,113,26,26,26,26,26,26,26,26,26,26,26,
26,26,134,136,136,26,26,26,26,26,26,26,26,26,26,26,26,26,99,98,98,99,26,26,97,90,90,168,113,26,26,26,26,26,26,26,26,26,26,26,
26,137,134,136,136,26,26,26,26,26,26,26,26,91,26,26,26,91,104,119,116,104,26,26,161,87,121,104,145,26,26,26,101,99,100,26,26,26,26,26,
26,134,136,136,135,138,26,26,26,26,26,91,26,26,26,26,91,26,104,108,108,104,26,26,26,104,104,104,26,26,26,26,97,90,113,26,26,26,26,26,
26,130,135,134,135,136,26,26,26,91,26,26,26,26,26,26,26,26,104,108,88,104,26,26,26,104,26,104,26,26,26,26,161,129,145,26,26,26,26,26,
26,135,135,132,135,132,26,26,91,10,93,26,26,26,26,26,26,26,104,88,88,104,26,26,26,104,26,104,26,26,26,26,26,26,26,26,26,26,26,26,
137,135,132,132,134,135,138,91,8,11,8,10,91,10,91,91,10,10,104,88,88,104,26,26,26,104,26,26,26,26,26,26,26,26,26,26,26,26,26,26,
136,134,135,132,132,136,135,133,9,8,8,8,8,5,5,5,9,5,104,88,116,104,26,26,26,104,26,26,26,26,26,26,26,26,26,26,26,26,26,26,
136,134,136,135,134,136,135,135,136,167,182,88,5,8,5,5,5,5,104,88,104,104,26,26,26,26,26,26,26,26,26,26,26,26,26,26,26,26,26,26,
131,134,134,135,136,134,135,135,136,167,182,182,182,5,5,5,88,5,104,88,104,104,26,26,26,26,26,26,26,26,26,26,26,26,26,26,26,26,26,26,
26,134,136,134,134,134,136,136,136,136,169,169,182,88,88,88,88,88,88,88,88,26,26,26,26,26,26,26,26,26,26,26,26,26,26,26,26,26,26,26,
26,131,136,136,136,134,136,136,136,136,88,169,26,26,88,182,182,88,88,26,26,26,26,26,26,26,26,26,26,26,26,26,26,26,26,26,26,26,26,26,
26,26,26,26,136,136,26,136,136,26,26,26,26,26,26,88,88,88,26,26,26,26,26,26,26,26,26,26,26,26,26,26,26,26,26,26,26,26,26,26

[Object Layer 1]
# player
type=start
location=6,16,1,1

