[header]
width=30
height=23
tilewidth=32
tileheight=32
orientation=orthogonal

[tilesets]
tileset=Tiny Platform Quest Tiles_0.png,32,32,0,0

[layer]
type=Tile Layer 1
data=
29,26,26,26,26,26,26,26,26,26,26,24,24,26,26,26,24,24,26,26,26,26,26,26,24,24,24,26,26,26,
26,26,26,26,26,26,26,26,24,24,24,26,26,26,26,26,26,26,24,24,24,24,24,24,24,26,26,26,26,26,
26,26,26,26,26,26,26,26,26,26,26,26,26,26,26,26,26,26,26,26,26,26,26,26,26,26,26,26,26,26,
26,26,26,26,26,26,26,26,26,26,26,26,26,26,26,26,26,26,26,26,26,26,26,26,26,26,26,26,26,26,
26,26,26,26,26,26,26,26,26,26,26,26,26,26,26,26,26,26,26,26,26,26,26,26,26,26,26,26,26,24,
24,24,24,24,24,24,24,24,24,24,24,24,24,24,24,24,24,24,24,24,24,26,26,26,26,26,26,26,26,26,
26,26,26,26,24,24,24,24,24,24,24,26,26,26,26,26,26,26,26,26,26,26,26,26,26,26,26,26,26,26,
24,24,24,24,26,26,26,26,26,26,26,26,26,26,26,26,26,26,26,26,26,24,26,26,26,26,26,26,26,26,
26,26,26,26,26,26,26,26,26,26,26,24,26,26,26,26,24,24,24,24,24,26,26,26,26,26,26,26,26,24,
26,26,26,26,26,26,26,26,26,26,26,26,26,26,26,26,26,26,26,26,26,26,26,26,26,26,26,24,24,26,
27,27,27,27,27,27,27,27,28,27,27,28,27,29,28,29,29,28,29,29,29,29,29,29,29,29,29,29,29,29,
27,27,27,28,27,27,29,29,29,29,91,29,29,29,29,29,91,29,99,98,98,99,29,29,29,29,29,29,29,29,
27,29,29,29,29,29,29,91,92,29,29,29,29,91,91,29,29,29,104,119,116,104,29,29,29,29,29,29,29,29,
29,29,29,29,93,91,29,29,29,29,29,29,29,29,29,29,29,29,104,108,108,104,29,29,29,29,29,29,29,29,
29,94,93,29,29,29,29,29,29,29,29,29,29,29,29,29,29,29,104,108,88,104,29,29,29,29,29,29,29,29,
91,4,2,91,29,29,29,29,29,29,29,29,29,29,29,29,29,29,104,88,88,104,29,29,29,29,29,29,29,29,
7,9,2,7,91,91,91,91,91,91,91,91,91,91,91,91,91,91,104,88,88,104,29,29,29,29,29,29,29,29,
9,4,6,9,9,5,5,5,5,8,8,8,8,5,5,5,9,5,104,88,116,104,29,29,29,29,29,29,29,29,
7,4,2,88,88,88,5,5,88,88,88,88,5,8,5,5,5,5,104,88,104,104,29,29,29,29,29,29,29,29,
88,4,2,88,88,88,88,88,88,88,88,88,5,5,5,5,88,5,104,88,104,104,29,29,29,29,29,29,29,29,
88,88,88,88,88,88,88,88,88,88,88,88,88,88,88,88,88,88,88,88,88,121,29,29,29,29,29,29,29,29,
88,88,88,88,88,88,88,88,88,88,88,88,88,88,88,88,88,88,88,88,88,121,29,29,29,29,29,29,29,29,
88,88,88,88,88,88,88,88,88,88,88,88,88,88,88,88,88,88,88,88,88,121,29,29,29,29,29,29,29,29

[Object Layer 1]
# end
type=marker
location=20,11,1,1

